+-------+-----+-----+-----+-----+-----+--------+--------------------+-------+-------+---------+-------+-------+-------+-------+--------+-------------+-------------+-------------+-------------+
| COUNT | 1XX | 2XX | 3XX | 4XX | 5XX | METHOD |        URI         |  MIN  |  MAX  |   SUM   |  AVG  |  P90  |  P95  |  P99  | STDDEV |  MIN(BODY)  |  MAX(BODY)  |  SUM(BODY)  |  AVG(BODY)  |
+-------+-----+-----+-----+-----+-----+--------+--------------------+-------+-------+---------+-------+-------+-------+-------+--------+-------------+-------------+-------------+-------------+
| 61    | 0   | 7   | 0   | 54  | 0   | GET    | /                  | 0.915 | 9.998 | 521.916 | 8.556 | 9.992 | 9.997 | 9.998 | 2.749  | 0.000       | 36343.000   | 250046.000  | 4099.115    |
| 58    | 0   | 0   | 58  | 0   | 0   | POST   | /login             | 0.003 | 2.015 | 37.069  | 0.639 | 1.353 | 1.819 | 2.015 | 0.524  | 0.000       | 0.000       | 0.000       | 0.000       |
| 1     | 0   | 0   | 0   | 1   | 0   | GET    | /@kara             | 9.999 | 9.999 | 9.999   | 9.999 | 9.999 | 9.999 | 9.999 | 0.000  | 0.000       | 0.000       | 0.000       | 0.000       |
| 1     | 0   | 0   | 0   | 1   | 0   | GET    | /@avis             | 9.998 | 9.998 | 9.998   | 9.998 | 9.998 | 9.998 | 9.998 | 0.000  | 0.000       | 0.000       | 0.000       | 0.000       |
| 1     | 0   | 0   | 0   | 1   | 0   | GET    | /@martha           | 9.997 | 9.997 | 9.997   | 9.997 | 9.997 | 9.997 | 9.997 | 0.000  | 0.000       | 0.000       | 0.000       | 0.000       |
| 1     | 0   | 0   | 0   | 1   | 0   | GET    | /@noelle           | 9.996 | 9.996 | 9.996   | 9.996 | 9.996 | 9.996 | 9.996 | 0.000  | 0.000       | 0.000       | 0.000       | 0.000       |
| 1     | 0   | 0   | 0   | 1   | 0   | GET    | /@josephine        | 9.993 | 9.993 | 9.993   | 9.993 | 9.993 | 9.993 | 9.993 | 0.000  | 0.000       | 0.000       | 0.000       | 0.000       |
| 1     | 0   | 0   | 0   | 1   | 0   | GET    | /@dora             | 9.992 | 9.992 | 9.992   | 9.992 | 9.992 | 9.992 | 9.992 | 0.000  | 0.000       | 0.000       | 0.000       | 0.000       |
| 1     | 0   | 0   | 0   | 1   | 0   | GET    | /@gay              | 9.989 | 9.989 | 9.989   | 9.989 | 9.989 | 9.989 | 9.989 | 0.000  | 0.000       | 0.000       | 0.000       | 0.000       |
| 1     | 0   | 0   | 0   | 1   | 0   | GET    | /@opal             | 9.982 | 9.982 | 9.982   | 9.982 | 9.982 | 9.982 | 9.982 | 0.000  | 0.000       | 0.000       | 0.000       | 0.000       |
| 1     | 0   | 0   | 0   | 1   | 0   | GET    | /@alma             | 9.982 | 9.982 | 9.982   | 9.982 | 9.982 | 9.982 | 9.982 | 0.000  | 0.000       | 0.000       | 0.000       | 0.000       |
| 1     | 0   | 0   | 0   | 1   | 0   | GET    | /@virgie           | 9.970 | 9.970 | 9.970   | 9.970 | 9.970 | 9.970 | 9.970 | 0.000  | 0.000       | 0.000       | 0.000       | 0.000       |
| 1     | 0   | 0   | 0   | 1   | 0   | GET    | /@ines             | 9.948 | 9.948 | 9.948   | 9.948 | 9.948 | 9.948 | 9.948 | 0.000  | 0.000       | 0.000       | 0.000       | 0.000       |
| 1     | 0   | 1   | 0   | 0   | 0   | GET    | /@lorene           | 6.535 | 6.535 | 6.535   | 6.535 | 6.535 | 6.535 | 6.535 | 0.000  | 11223.000   | 11223.000   | 11223.000   | 11223.000   |
| 1     | 0   | 1   | 0   | 0   | 0   | GET    | /posts/6854        | 5.501 | 5.501 | 5.501   | 5.501 | 5.501 | 5.501 | 5.501 | 0.000  | 4090.000    | 4090.000    | 4090.000    | 4090.000    |
| 4     | 0   | 0   | 4   | 0   | 0   | POST   | /register          | 0.024 | 1.975 | 3.083   | 0.771 | 1.975 | 1.975 | 1.975 | 0.728  | 0.000       | 0.000       | 0.000       | 0.000       |
| 1     | 0   | 1   | 0   | 0   | 0   | GET    | /posts/9979        | 1.700 | 1.700 | 1.700   | 1.700 | 1.700 | 1.700 | 1.700 | 0.000  | 2800.000    | 2800.000    | 2800.000    | 2800.000    |
| 1     | 0   | 1   | 0   | 0   | 0   | GET    | /@rosa             | 0.488 | 0.488 | 0.488   | 0.488 | 0.488 | 0.488 | 0.488 | 0.000  | 18608.000   | 18608.000   | 18608.000   | 18608.000   |
| 1     | 0   | 1   | 0   | 0   | 0   | GET    | /image/3239.jpg    | 0.388 | 0.388 | 0.388   | 0.388 | 0.388 | 0.388 | 0.388 | 0.000  | 65979.000   | 65979.000   | 65979.000   | 65979.000   |
| 2     | 0   | 2   | 0   | 0   | 0   | GET    | /image/9979.jpg    | 0.089 | 0.270 | 0.359   | 0.179 | 0.270 | 0.270 | 0.270 | 0.091  | 67001.000   | 67018.000   | 134019.000  | 67009.500   |
| 2     | 0   | 2   | 0   | 0   | 0   | GET    | /image/6854.jpg    | 0.007 | 0.177 | 0.184   | 0.092 | 0.177 | 0.177 | 0.177 | 0.085  | 72487.000   | 72495.000   | 144982.000  | 72491.000   |
| 1     | 0   | 1   | 0   | 0   | 0   | GET    | /image/6778.jpg    | 0.180 | 0.180 | 0.180   | 0.180 | 0.180 | 0.180 | 0.180 | 0.000  | 95105.000   | 95105.000   | 95105.000   | 95105.000   |
| 2     | 0   | 0   | 1   | 1   | 0   | POST   | /                  | 0.004 | 0.156 | 0.160   | 0.080 | 0.156 | 0.156 | 0.156 | 0.076  | 0.000       | 0.000       | 0.000       | 0.000       |
| 1     | 0   | 1   | 0   | 0   | 0   | GET    | /initialize        | 0.147 | 0.147 | 0.147   | 0.147 | 0.147 | 0.147 | 0.147 | 0.000  | 0.000       | 0.000       | 0.000       | 0.000       |
| 1     | 0   | 1   | 0   | 0   | 0   | GET    | /posts/10003       | 0.106 | 0.106 | 0.106   | 0.106 | 0.106 | 0.106 | 0.106 | 0.000  | 1763.000    | 1763.000    | 1763.000    | 1763.000    |
| 1     | 0   | 1   | 0   | 0   | 0   | GET    | /image/4354.jpg    | 0.100 | 0.100 | 0.100   | 0.100 | 0.100 | 0.100 | 0.100 | 0.000  | 84842.000   | 84842.000   | 84842.000   | 84842.000   |
| 1     | 0   | 1   | 0   | 0   | 0   | GET    | /image/301.jpg     | 0.098 | 0.098 | 0.098   | 0.098 | 0.098 | 0.098 | 0.098 | 0.000  | 94659.000   | 94659.000   | 94659.000   | 94659.000   |
| 26    | 0   | 26  | 0   | 0   | 0   | GET    | /login             | 0.001 | 0.009 | 0.072   | 0.003 | 0.007 | 0.008 | 0.009 | 0.002  | 1290.000    | 1290.000    | 33540.000   | 1290.000    |
| 1     | 0   | 1   | 0   | 0   | 0   | GET    | /posts/10000       | 0.069 | 0.069 | 0.069   | 0.069 | 0.069 | 0.069 | 0.069 | 0.000  | 4359.000    | 4359.000    | 4359.000    | 4359.000    |
| 3     | 0   | 3   | 0   | 0   | 0   | GET    | /image/10003.png   | 0.018 | 0.031 | 0.069   | 0.023 | 0.031 | 0.031 | 0.031 | 0.006  | 1015051.000 | 1015082.000 | 3045208.000 | 1015069.333 |
| 2     | 0   | 2   | 0   | 0   | 0   | GET    | /image/10000.png   | 0.009 | 0.012 | 0.021   | 0.010 | 0.012 | 0.012 | 0.012 | 0.002  | 1057906.000 | 1057912.000 | 2115818.000 | 1057909.000 |
| 5     | 0   | 5   | 0   | 0   | 0   | GET    | /favicon.ico       | 0.002 | 0.008 | 0.016   | 0.003 | 0.008 | 0.008 | 0.008 | 0.002  | 43.000      | 43.000      | 215.000     | 43.000      |
| 2     | 0   | 2   | 0   | 0   | 0   | GET    | /image/9982.jpg    | 0.000 | 0.008 | 0.008   | 0.004 | 0.008 | 0.008 | 0.008 | 0.004  | 150046.000  | 150046.000  | 300092.000  | 150046.000  |
| 2     | 0   | 2   | 0   | 0   | 0   | GET    | /image/9995.jpg    | 0.001 | 0.007 | 0.008   | 0.004 | 0.007 | 0.007 | 0.007 | 0.003  | 123504.000  | 123512.000  | 247016.000  | 123508.000  |
| 2     | 0   | 2   | 0   | 0   | 0   | GET    | /image/9996.jpg    | 0.003 | 0.005 | 0.008   | 0.004 | 0.005 | 0.005 | 0.005 | 0.001  | 375218.000  | 375225.000  | 750443.000  | 375221.500  |
| 1     | 0   | 0   | 1   | 0   | 0   | POST   | /comment           | 0.007 | 0.007 | 0.007   | 0.007 | 0.007 | 0.007 | 0.007 | 0.000  | 0.000       | 0.000       | 0.000       | 0.000       |
| 2     | 0   | 2   | 0   | 0   | 0   | GET    | /image/9994.jpg    | 0.002 | 0.005 | 0.007   | 0.004 | 0.005 | 0.005 | 0.005 | 0.002  | 105247.000  | 105247.000  | 210494.000  | 105247.000  |
| 5     | 0   | 5   | 0   | 0   | 0   | GET    | /js/timeago.min.js | 0.001 | 0.004 | 0.007   | 0.001 | 0.004 | 0.004 | 0.004 | 0.001  | 1915.000    | 1915.000    | 9575.000    | 1915.000    |
| 5     | 0   | 5   | 0   | 0   | 0   | GET    | /css/style.css     | 0.001 | 0.003 | 0.006   | 0.001 | 0.003 | 0.003 | 0.003 | 0.001  | 1549.000    | 1549.000    | 7745.000    | 1549.000    |
| 2     | 0   | 2   | 0   | 0   | 0   | GET    | /image/9987.jpg    | 0.003 | 0.003 | 0.006   | 0.003 | 0.003 | 0.003 | 0.003 | 0.000  | 367761.000  | 367777.000  | 735538.000  | 367769.000  |
| 2     | 0   | 2   | 0   | 0   | 0   | GET    | /image/9980.jpg    | 0.002 | 0.004 | 0.006   | 0.003 | 0.004 | 0.004 | 0.004 | 0.001  | 96012.000   | 96035.000   | 192047.000  | 96023.500   |
| 2     | 0   | 2   | 0   | 0   | 0   | GET    | /image/9999.jpg    | 0.002 | 0.004 | 0.006   | 0.003 | 0.004 | 0.004 | 0.004 | 0.001  | 90021.000   | 90036.000   | 180057.000  | 90028.500   |
| 2     | 0   | 2   | 0   | 0   | 0   | GET    | /image/9997.jpg    | 0.001 | 0.004 | 0.005   | 0.003 | 0.004 | 0.004 | 0.004 | 0.002  | 176584.000  | 176601.000  | 353185.000  | 176592.500  |
| 2     | 0   | 2   | 0   | 0   | 0   | GET    | /image/9988.jpg    | 0.002 | 0.002 | 0.004   | 0.002 | 0.002 | 0.002 | 0.002 | 0.000  | 111647.000  | 111647.000  | 223294.000  | 111647.000  |
| 2     | 0   | 2   | 0   | 0   | 0   | GET    | /image/9985.jpg    | 0.001 | 0.002 | 0.003   | 0.002 | 0.002 | 0.002 | 0.002 | 0.001  | 83341.000   | 83357.000   | 166698.000  | 83349.000   |
| 2     | 0   | 2   | 0   | 0   | 0   | GET    | /image/9991.jpg    | 0.001 | 0.002 | 0.003   | 0.002 | 0.002 | 0.002 | 0.002 | 0.001  | 153638.000  | 153638.000  | 307276.000  | 153638.000  |
| 2     | 0   | 2   | 0   | 0   | 0   | GET    | /image/9993.jpg    | 0.001 | 0.002 | 0.003   | 0.002 | 0.002 | 0.002 | 0.002 | 0.001  | 85639.000   | 85646.000   | 171285.000  | 85642.500   |
| 2     | 0   | 2   | 0   | 0   | 0   | GET    | /image/9983.jpg    | 0.001 | 0.002 | 0.003   | 0.002 | 0.002 | 0.002 | 0.002 | 0.001  | 98198.000   | 98198.000   | 196396.000  | 98198.000   |
| 2     | 0   | 2   | 0   | 0   | 0   | GET    | /image/9998.jpg    | 0.001 | 0.002 | 0.003   | 0.002 | 0.002 | 0.002 | 0.002 | 0.001  | 61709.000   | 61739.000   | 123448.000  | 61724.000   |
| 2     | 0   | 2   | 0   | 0   | 0   | GET    | /image/9981.jpg    | 0.001 | 0.002 | 0.003   | 0.002 | 0.002 | 0.002 | 0.002 | 0.001  | 81478.000   | 81486.000   | 162964.000  | 81482.000   |
| 5     | 0   | 5   | 0   | 0   | 0   | GET    | /js/main.js        | 0.000 | 0.001 | 0.003   | 0.001 | 0.001 | 0.001 | 0.001 | 0.000  | 1824.000    | 1824.000    | 9120.000    | 1824.000    |
| 2     | 0   | 2   | 0   | 0   | 0   | GET    | /image/9986.jpg    | 0.001 | 0.001 | 0.002   | 0.001 | 0.001 | 0.001 | 0.001 | 0.000  | 86717.000   | 86732.000   | 173449.000  | 86724.500   |
| 2     | 0   | 2   | 0   | 0   | 0   | GET    | /image/9989.jpg    | 0.000 | 0.002 | 0.002   | 0.001 | 0.002 | 0.002 | 0.002 | 0.001  | 107552.000  | 107553.000  | 215105.000  | 107552.500  |
| 2     | 0   | 2   | 0   | 0   | 0   | GET    | /image/9990.jpg    | 0.001 | 0.001 | 0.002   | 0.001 | 0.001 | 0.001 | 0.001 | 0.000  | 102464.000  | 102488.000  | 204952.000  | 102476.000  |
| 1     | 0   | 0   | 0   | 1   | 0   | GET    | /admin/banned      | 0.002 | 0.002 | 0.002   | 0.002 | 0.002 | 0.002 | 0.002 | 0.000  | 0.000       | 0.000       | 0.000       | 0.000       |
| 1     | 0   | 0   | 1   | 0   | 0   | GET    | /logout            | 0.001 | 0.001 | 0.001   | 0.001 | 0.001 | 0.001 | 0.001 | 0.000  | 24.000      | 24.000      | 24.000      | 24.000      |
+-------+-----+-----+-----+-----+-----+--------+--------------------+-------+-------+---------+-------+-------+-------+-------+--------+-------------+-------------+-------------+-------------+
